91.61163757369197
91.60602431834931
91.72634948415623
91.89690608879881
91.17294007921888
92.0593502964427
92.13686342592591
91.0642601284585

91.73843957258659
91.66273259027265
90.77382323139278
91.71440332535003
91.97477201547532
91.66834584561532
91.27321105072463
91.81231472332016
91.64710968379445
91.9620800395257
92.27164649209487
91.9234807312253
91.79996294466402
91.53748764822134
64.29601648351648
67.44076236263736
69.28828983516483
69.37328296703296
69.75961538461539
70.00429258241758
69.50892857142857
69.86177884615384
69.2207532051282
69.32091346153847
68.54223901098901
68.84271978021978
69.92960164835165
69.73901098901099
70.10989010989012
68.12156593406593
